times are around 0.004623439
         n:     1     2     4     8    16    32    64   128   256   512  1024  2048 
      sort: 1.000 1.000 1.000 1.000 1.000 1.000 1.000 1.000 1.000 1.000 1.000 1.000 
       set: 1.670 1.935 2.024 2.056 2.028 1.880 1.801 1.692 1.552 1.570 1.509 1.585 
 hashtable: 1.654 1.689 1.543 1.355 1.128 0.893 0.771 0.646 0.542 0.477 0.428 0.391 
    linear: 0.634 0.443 0.255 0.197 0.218 0.271 0.422 0.703 1.225 2.074 3.592 6.459 

times are around 0.004854607
         n:     1     2     3     4     5     6     7     8     9    10    11    12 
      sort: 1.000 1.000 1.000 1.000 1.000 1.000 1.000 1.000 1.000 1.000 1.000 1.000 
       set: 1.581 1.823 1.928 2.049 2.049 2.083 2.051 2.358 2.236 2.095 2.067 2.089 
 hashtable: 1.582 1.619 1.770 1.620 1.507 1.408 1.372 1.347 1.239 1.300 1.231 1.224 
    linear: 0.606 0.420 0.290 0.256 0.260 0.231 0.203 0.194 0.201 0.195 0.204 0.204 

So the best solution:
  n < 128 => linear
  else    => hashtable
