|a| is small, times are around 0.00460349
         n:     1     2     3     4     5     6     7     8     9    10    11    12 
      sort: 1.000 1.000 1.000 1.000 1.000 1.000 1.000 1.000 1.000 1.000 1.000 1.000 
       set: 1.681 1.989 1.871 2.011 2.027 2.056 2.003 2.056 2.059 2.071 2.083 2.232 
 hashtable: 1.795 1.642 1.576 1.540 1.515 1.412 1.369 1.356 1.272 1.296 1.244 1.192 
    linear: 0.633 0.436 0.302 0.249 0.247 0.229 0.210 0.223 0.219 0.195 0.205 0.211 
       OPT: 0.652 0.448 0.315 0.258 0.245 0.212 0.210 0.223 0.226 0.204 0.207 0.211 

|a| is small, times are around 0.004889430
         n:     1     2     4     8    16    32    64   128   256   512  1024  2048 
      sort: 1.000 1.000 1.000 1.000 1.000 1.000 1.000 1.000 1.000 1.000 1.000 1.000 
       set: 1.574 1.807 1.893 2.028 2.064 1.829 1.733 1.652 1.547 1.478 1.497 1.570 
 hashtable: 1.517 1.559 1.472 1.394 1.267 0.888 0.747 0.640 0.550 0.477 0.427 0.392 
    linear: 0.601 0.422 0.242 0.219 0.222 0.268 0.405 0.673 1.221 2.095 3.562 6.607 
       OPT: 0.621 0.429 0.246 0.225 0.223 0.273 0.410 0.639 0.547 0.477 0.427 0.391 

|a| is large, times are around 0.001425390
         n:     1     2     4     8    16    32    64   128   256   512  1024  2048 
      sort: 1.000 1.000 1.000 1.000 1.000 1.000 1.000 1.000 1.000 1.000 1.000 1.000 
       set: 0.885 0.890 0.911 0.907 0.931 0.966 1.001 1.021 0.999 1.027 1.165 1.392 
 hashtable: 2.782 2.035 1.730 1.449 1.151 1.006 0.852 0.692 0.562 0.487 0.434 0.392 
    linear: 0.387 0.239 0.207 0.223 0.290 0.414 0.649 0.987 1.694 2.739 4.565 7.554 
       OPT: 0.387 0.240 0.207 0.226 0.291 0.414 0.641 0.693 0.572 0.490 0.434 0.395 

So the best solution:
  n < 111 => linear
  else    => hashtable
